 Full

	Star

	RAJ2000
deg
	DEJ2000
deg
	Teff
K
	logg
[cm/s2]
	Bmag
mag
	Vmag
mag
	Icmag
mag
	Kmag
mag
	[Fe/HI]
[Sun]
	[O/Fe]
[Sun]
	[Mg/Fe]
[Sun]
1	19925	245.810074	-26.601537	4050 	1.20	12.76	11.04 	8.97 	6.38	-1.02 	0.28 	0.43
2	20766	245.808111	-26.556806	4400 	1.80	13.53	12.10	10.33 	8.07	-1.05 	0.31 	0.49
3	21191	245.819000	-26.536025	4270 	1.60	13.21	11.70 	9.85 	7.45	-1.06 	0.34 	0.55
4	21728	245.810822	-26.513039	4525 	2.00	13.86	12.51	10.78 	8.51	-1.06 	0.31 	0.52
5	22089	245.820413	-26.496640	4700 	2.28	14.36	13.14	11.54 	9.47	-1.06 	0.35 	0.30
6	24590	245.916677	-26.650882	4850 	2.66	14.67	13.44	11.88 	9.94	-1.07 	0.50 	0.61
7	25709	245.920488	-26.623195	4680 	2.20	14.24	12.96	11.31 	9.28	-1.13 	0.44 	0.54
8	26471	245.881306	-26.605137	4800 	2.40	14.70	13.49	11.87 	9.90	-1.10 	0.41 	0.59
9	26794	245.909407	-26.598660	4800 	2.45	14.94	13.71	12.08	10.07	-1.17 	  	0.53
10	27448	245.953307	-26.585869	4310 	1.57	13.24	11.73 	9.86 	7.53	-1.12 	0.51 	0.50
11	28103	245.849218	-26.574931	3860 	0.50	12.52	10.71 	8.51 	5.75	-1.08 	0.50 	0.41
12	28356	245.973246	-26.570866	4600 	2.22	13.92	12.57	10.87 	8.72	-1.14 	0.44 	0.55
13	28707	245.938374	-26.565799	4880 	2.74	14.84	13.61	11.99 	9.95	-1.03 	  	0.40
14	28797	245.974346	-26.564583	4640 	2.35	14.22	12.93	11.30 	9.21	-1.12 	0.35 	0.55
15	28847	245.904719	-26.563907	4780 	2.40	14.76	13.54	11.88 	9.77	-1.16 	0.52 	0.52
16	28977	245.945517	-26.562185	4680 	2.33	14.31	13.02	11.36 	9.26	-1.14 	0.39 	0.51
17	29027	245.848107	-26.561463	4720 	2.40	14.40	13.16	11.48 	9.39	-1.10 	0.51 	0.48
18	29065	245.941359	-26.560811	4650 	2.10	14.27	12.98	11.31 	9.24	-1.12 	0.45 	0.61
19	29171	245.899691	-26.559587	4880 	2.64	14.95	13.73	12.09	10.00	-0.99 	0.22 	0.43
20	29222	245.846067	-26.558962	4720 	2.50	14.42	13.17	11.52 	9.41	-1.04 	0.36 	0.44
21	29272	245.862867	-26.558251	4780 	2.50	14.64	13.42	11.76 	9.67	-1.11 	0.53 	0.47
22	29282	245.855446	-26.558111	4650 	2.30	14.17	12.88	11.18 	8.98	-1.06 	0.28 	0.50
23	29397	245.875889	-26.556714	4600 	1.50	13.53	12.20	10.47 	8.32	-1.12 	0.24 	0.55
24	29545	245.927498	-26.554854	4880 	2.61	14.96	13.79	12.23	10.24	-1.06 	0.47 	0.44
25	29598	245.889089	-26.554145	4840 	2.50	14.89	13.68	12.05	10.01	-1.06 	0.39 	0.48
26	29693	245.880941	-26.553079	4360 	1.10	13.27	11.80 	9.96 	7.64	-1.19 	0.26 	0.60
27	29848	245.892191	-26.551086	4780 	2.52	14.75	13.52	11.87 	9.83	-1.05 	0.54 	0.54
28	30209	245.892435	-26.546815	4880 	2.62	14.87	13.66	12.05 	9.99	-0.99 	0.42 	0.46
29	30345	245.949944	-26.545241	4850 	2.73	15.00	13.84	12.31	10.39	-1.06 	0.32 	0.44
30	30450	245.861448	-26.544113	4760 	2.53	14.59	13.34	11.69 	9.59	-1.00 	0.40 	0.52
31	30452	245.887688	-26.544111	4830 	2.56	15.07	13.88	12.26	10.22	-1.00 	0.40 	0.50
32	30549	245.888152	-26.542946	4830 	2.52	14.86	13.66	12.05 	9.99	-1.09 	0.45 	0.52
33	30598	245.896617	-26.542352	4360 	1.75	13.49	12.05	10.23 	7.75	-1.07 	0.43 	0.54
34	30653	245.887933	-26.541841	4660 	2.30	14.40	13.14	11.50 	9.38	-1.06 	0.47 	0.47
35	30675	245.902367	-26.541578	4830 	2.58	14.77	13.58	12.00 	 	-1.07 	0.36 	0.55
36	30711	245.851562	-26.541232	4560 	2.25	13.86	12.49	10.73 	8.46	-1.01 	0.37 	0.47
37	30719	245.903109	-26.541162	4810 	2.65	15.13	13.97	12.43 	 	-1.19 	0.44 	0.50
38	30751	245.943024	-26.540896	4430 	1.78	13.61	12.20	10.45 	8.16	-1.09 	0.40 	0.58
39	30924	245.896243	-26.538834	4810 	2.60	14.79	13.61	12.03 	8.40	-1.09 	0.48 	0.47
40	30933	245.958958	-26.538736	4800 	2.63	14.70	13.49	11.92 	9.91	-1.07 	0.44 	0.44
41	31015	245.897109	-26.537953	4800 	2.47	14.21	13.00	11.38 	9.29	-1.07 	0.50 	0.51
42	31306	245.926076	-26.535059	4900 	2.87	15.12	13.97	12.44	10.50	-1.11 	  	0.41
43	31376	245.912191	-26.534324	4800 	2.59	14.52	13.29	11.68 	9.59	-1.00 	0.33 	0.46
44	31532	245.895616	-26.532901	4770 	2.60	14.53	13.33	11.76 	9.72	-1.03 	0.47 	0.44
45	31665	245.930071	-26.531645	4650 	2.17	14.12	12.85	11.18 	9.04	-1.07 	0.48 	0.49
46	31803	245.909258	-26.530236	4850 	2.60	15.14	13.99	12.46	10.51	-1.13 	0.38 	0.44
47	31845	245.853704	-26.529822	4700 	2.42	14.34	13.09	11.44 	9.29	-1.06 	0.27 	0.41
48	32055	245.917098	-26.527739	4300 	1.57	13.36	11.88	10.06 	7.66	-1.12 	0.31 	0.55
49	32121	245.838129	-26.527131	4840 	2.58	14.67	13.45	11.84 	9.75	-0.93 	  	0.44
50	32151	245.837086	-26.526884	4770 	2.43	14.59	13.38	11.75 	9.70	-1.07 	  	0.42
